function con0 = getConditions_EC()

    con0 = nan(4, 100);
    con0(:, 1) = [  0.9501635;   0.8862790;   1.1730455;   1.1693281];
    con0(:, 2) = [  0.6489238;   0.9850867;   0.9208671;   1.3686894];
    con0(:, 3) = [  1.7274267;   1.7413082;   0.6493221;   1.0394373];
    con0(:, 4) = [  0.5449515;   0.5730683;   0.9965812;   2.1518225];
    con0(:, 5) = [  0.6805643;   1.2040482;   0.8933363;   1.7483598];
    con0(:, 6) = [  0.5801131;   1.0164120;   1.3181952;   1.7337819];
    con0(:, 7) = [  2.1643194;   1.0439019;   0.4743570;   0.6899398];
    con0(:, 8) = [  0.5881396;   3.2388833;   0.7350616;   1.4535930];
    con0(:, 9) = [  0.9082739;   1.5594064;   0.6822053;   0.4960223];
    con0(:, 10) = [  0.4910605;   1.2764681;   0.9151314;   0.9066247];
    con0(:, 11) = [  2.0332898;   1.1569557;   1.1039620;   2.2118948];
    con0(:, 12) = [  0.6688249;   1.4166745;   1.5182283;   0.8852744];
    con0(:, 13) = [  1.1138640;   0.5582648;   0.5632812;   1.0538365];
    con0(:, 14) = [  1.4349457;   3.6427745;   0.7164511;   1.0981924];
    con0(:, 15) = [  0.9595919;   0.3804078;   0.8029337;   0.4076528];
    con0(:, 16) = [  1.5222474;   0.6414551;   1.0513199;   0.7616528];
    con0(:, 17) = [  1.1638813;   0.7406973;   1.2775992;   1.4472737];
    con0(:, 18) = [  2.3535949;   0.9075000;   0.3432907;   0.6571819];
    con0(:, 19) = [  1.9685499;   0.5850385;   1.6168453;   1.0639888];
    con0(:, 20) = [  2.0510427;   0.3751422;   0.9058794;   0.5466630];
    con0(:, 21) = [  4.2802183;   1.5107549;   1.9926910;   0.5891408];
    con0(:, 22) = [  0.7911183;   0.8726378;   1.7318883;   0.8702838];
    con0(:, 23) = [  1.4201617;   0.3584708;   0.8378426;   0.6624612];
    con0(:, 24) = [  0.4545131;   1.2891555;   1.1514155;   1.0168808];
    con0(:, 25) = [  0.5133287;   1.7572431;   1.1913531;   0.8611100];
    con0(:, 26) = [  1.0115106;   0.8772198;   0.4168178;   0.8669053];
    con0(:, 27) = [  0.6598893;   0.6128696;   0.5609066;   0.7658426];
    con0(:, 28) = [  0.3673949;   1.6194955;   1.2969691;   0.9900360];
    con0(:, 29) = [  0.9827647;   0.6709358;   1.6641969;   0.9355612];
    con0(:, 30) = [  0.6995870;   1.9653943;   0.8936996;   0.7448931];
    con0(:, 31) = [  0.8634003;   0.6544480;   0.5711724;   3.5360131];
    con0(:, 32) = [  2.2881618;   1.1662198;   0.5333597;   0.6487330];
    con0(:, 33) = [  0.9155163;   1.4854356;   0.5137584;   0.3119434];
    con0(:, 34) = [  0.4845432;   1.1814653;   1.2161338;   1.2533747];
    con0(:, 35) = [  0.9369341;   1.0961944;   0.7881424;   1.5388122];
    con0(:, 36) = [  0.5061880;   1.2554760;   0.6541918;   0.8458244];
    con0(:, 37) = [  1.3183641;   1.6812631;   0.5718839;   1.8782291];
    con0(:, 38) = [  1.3910677;   0.9666365;   0.9070020;   0.8969069];
    con0(:, 39) = [  0.8593716;   1.0115895;   1.0259768;   1.5113925];
    con0(:, 40) = [  2.1457483;   1.2629588;   0.9004536;   1.3669680];
    con0(:, 41) = [  1.0959413;   0.5975700;   1.6073887;   1.1659439];
    con0(:, 42) = [  1.0699238;   1.2938512;   1.1396294;   0.6245381];
    con0(:, 43) = [  0.9220380;   0.9295754;   0.7664348;   2.3188046];
    con0(:, 44) = [  0.6454131;   0.7851288;   0.7004710;   0.5559337];
    con0(:, 45) = [  0.9083552;   0.8719396;   2.1490723;   0.8829273];
    con0(:, 46) = [  0.5873663;   2.2293914;   1.8539891;   0.8915326];
    con0(:, 47) = [  0.4709140;   0.8006640;   0.9249917;   1.1480147];
    con0(:, 48) = [  0.8775847;   1.2482105;   1.2164626;   0.5350798];
    con0(:, 49) = [  0.6225194;   0.6903524;   0.7757626;   0.8518986];
    con0(:, 50) = [  1.0062540;   0.2198986;   0.7957205;   1.8612051];
    con0(:, 51) = [  0.5866360;   1.5949846;   1.1914374;   0.9856018];
    con0(:, 52) = [  1.0955167;   0.4572486;   0.9586112;   2.2299366];
    con0(:, 53) = [  1.0504030;   1.0209023;   0.6927511;   0.9847112];
    con0(:, 54) = [  1.1231907;   1.2376245;   0.8299379;   0.8884941];
    con0(:, 55) = [  2.7506725;   0.3232992;   3.0487231;   1.1838619];
    con0(:, 56) = [  1.6487714;   0.4351423;   0.7445187;   0.8702001];
    con0(:, 57) = [  1.2353543;   0.4338309;   1.2659428;   0.5452976];
    con0(:, 58) = [  1.0336488;   1.3856619;   1.1776607;   1.7182679];
    con0(:, 59) = [  1.6537386;   0.7221995;   1.1371534;   0.6236357];
    con0(:, 60) = [  0.5163893;   1.5879009;   1.0000249;   0.9729141];
    con0(:, 61) = [  1.5770620;   1.3462081;   1.1913660;   1.8684807];
    con0(:, 62) = [  1.5918466;   1.1273634;   0.7080925;   0.7219663];
    con0(:, 63) = [  1.8149373;   0.4466789;   0.9878435;   0.3774098];
    con0(:, 64) = [  1.6657059;   1.5385773;   1.0005812;   0.9652013];
    con0(:, 65) = [  0.2884764;   1.3372111;   0.3341326;   0.3135990];
    con0(:, 66) = [  1.0407763;   0.6223576;   1.2284403;   1.4028262];
    con0(:, 67) = [  1.5355157;   0.7078100;   1.2519331;   1.0516041];
    con0(:, 68) = [  1.5113979;   1.3074498;   1.5666573;   0.9361599];
    con0(:, 69) = [  0.9290426;   1.6551418;   0.3458232;   0.7770169];
    con0(:, 70) = [  0.5297780;   0.8258911;   1.3831170;   1.5111389];
    con0(:, 71) = [  0.6020157;   0.7901480;   1.0709139;   0.8642167];
    con0(:, 72) = [  1.1628912;   1.2213606;   0.6281472;   0.9153808];
    con0(:, 73) = [  0.3443670;   1.7730139;   0.7301207;   0.5477562];
    con0(:, 74) = [  0.8807580;   0.4895232;   0.9896254;   0.7555325];
    con0(:, 75) = [  2.9709725;   1.7669108;   0.2869512;   1.2469037];
    con0(:, 76) = [  0.4970479;   0.8802691;   1.0856751;   1.4533439];
    con0(:, 77) = [  0.8723858;   2.1993241;   0.7862594;   1.1779269];
    con0(:, 78) = [  1.3942645;   1.0435145;   1.5534471;   1.1753977];
    con0(:, 79) = [  0.6756547;   0.4054788;   2.5327267;   0.7391421];
    con0(:, 80) = [  1.0530386;   1.3252266;   1.0584425;   0.6361231];
    con0(:, 81) = [  0.7914748;   0.9394648;   2.0948443;   0.6502438];
    con0(:, 82) = [  1.4804324;   1.1668544;   0.8896474;   0.5894966];
    con0(:, 83) = [  0.8675601;   0.9575808;   0.4796505;   1.1008594];
    con0(:, 84) = [  0.6628897;   0.9539726;   1.1830628;   0.6361461];
    con0(:, 85) = [  0.8657768;   1.1912836;   0.3993450;   1.6786467];
    con0(:, 86) = [  3.3609732;   1.6155901;   0.8539471;   1.2390083];
    con0(:, 87) = [  0.5957153;   2.5572507;   1.6005578;   1.4824156];
    con0(:, 88) = [  0.6453664;   1.1734810;   0.7564286;   0.8558033];
    con0(:, 89) = [  0.7520105;   0.5987765;   0.6348460;   0.9003707];
    con0(:, 90) = [  0.4276578;   1.3549984;   0.9428019;   1.4184719];
    con0(:, 91) = [  1.1443357;   1.2803629;   0.4763700;   0.6004162];
    con0(:, 92) = [  0.7997169;   1.0563603;   1.7583366;   0.8650383];
    con0(:, 93) = [  1.8790670;   1.2683444;   1.7986896;   1.0655313];
    con0(:, 94) = [  0.7200692;   0.4767803;   1.0808465;   1.5057268];
    con0(:, 95) = [  0.8639036;   0.7630794;   0.8569970;   0.5779334];
    con0(:, 96) = [  0.7815275;   0.9135934;   1.0231852;   0.9686116];
    con0(:, 97) = [  1.3575310;   1.0561802;   2.4768999;   1.1688401];
    con0(:, 98) = [  2.4651358;   0.6965883;   1.3011826;   0.8779853];
    con0(:, 99) = [  1.3499550;   1.3457687;   0.3352057;   0.5150344];
    con0(:, 100) = [  0.4865056;   1.2225297;   2.0856919;   0.8492454];

 end