function con0 = getConditions_EC()

    con0 = nan(4, 1000);
    con0(:, 1) = [  0.4559070;   1.7482092;   1.5019340;   1.5876429];
    con0(:, 2) = [  0.8377272;   1.2819611;   1.1730846;   1.4377250];
    con0(:, 3) = [  1.3410333;   0.6786730;   0.8558785;   1.1039012];
    con0(:, 4) = [  0.8718473;   4.2862677;   0.9932530;   0.6717173];
    con0(:, 5) = [  1.8202778;   0.8029842;   0.7498279;   0.4788234];
    con0(:, 6) = [  0.4863568;   2.6929372;   2.1698587;   3.1529804];
    con0(:, 7) = [  2.5650008;   2.4218730;   1.2094887;   0.6404712];
    con0(:, 8) = [  1.5085376;   1.4067579;   0.6392504;   0.6933551];
    con0(:, 9) = [  1.1510318;   1.2957751;   1.1920966;   1.9648152];
    con0(:, 10) = [  0.5118708;   0.9065682;   2.0508125;   0.7880700];
    con0(:, 11) = [  0.9512756;   2.0327145;   0.8015020;   1.4093321];
    con0(:, 12) = [  0.7670189;   1.7223633;   0.5310921;   0.3235424];
    con0(:, 13) = [  0.8019422;   0.8823081;   0.6585699;   0.4622645];
    con0(:, 14) = [  0.9508550;   0.8821782;   1.5396846;   1.3126370];
    con0(:, 15) = [  0.5791190;   0.7193253;   0.5596647;   0.6276163];
    con0(:, 16) = [  0.2382849;   0.7071271;   0.4772009;   0.8117679];
    con0(:, 17) = [  1.4820204;   0.3861363;   2.0736751;   0.9823473];
    con0(:, 18) = [  0.4856766;   0.8576485;   0.3657884;   0.4900051];
    con0(:, 19) = [  0.4978415;   1.0364302;   0.7043079;   1.3740807];
    con0(:, 20) = [  0.6144442;   0.9724238;   1.2916935;   1.0465539];
    con0(:, 21) = [  1.4484347;   0.4626608;   0.9895312;   1.1739908];
    con0(:, 22) = [  0.3834629;   0.7595621;   0.8233856;   1.3789974];
    con0(:, 23) = [  1.6495195;   1.5036652;   0.7913769;   0.6264988];
    con0(:, 24) = [  1.4114670;   0.8701720;   1.7503278;   1.1368631];
    con0(:, 25) = [  1.5268902;   1.1705978;   0.7708358;   1.3848629];
    con0(:, 26) = [  0.7856768;   0.7984143;   0.4308130;   0.5774103];
    con0(:, 27) = [  0.8288917;   0.9473744;   1.7818409;   1.1099480];
    con0(:, 28) = [  2.5542874;   0.8972357;   0.3811653;   0.8514634];
    con0(:, 29) = [  0.3107337;   1.0988264;   1.4541776;   0.5145101];
    con0(:, 30) = [  1.1172814;   0.8099704;   1.6174205;   1.5203356];
    con0(:, 31) = [  0.6891771;   3.4371103;   1.2643318;   0.5869437];
    con0(:, 32) = [  0.6439971;   1.0235589;   1.6024438;   1.2645295];
    con0(:, 33) = [  0.9960175;   1.2937152;   0.5010138;   0.8855653];
    con0(:, 34) = [  0.6850518;   0.8660961;   1.5973972;   0.5899760];
    con0(:, 35) = [  0.7307266;   1.2505472;   0.5766780;   1.4452325];
    con0(:, 36) = [  0.6731870;   1.2061930;   0.4708261;   0.4722793];
    con0(:, 37) = [  1.1057998;   1.0335867;   2.7331218;   4.3118648];
    con0(:, 38) = [  1.5171096;   0.7629741;   0.7830280;   0.5627877];
    con0(:, 39) = [  1.5448717;   0.8253322;   0.6173389;   0.5192440];
    con0(:, 40) = [  1.0288409;   1.1227224;   0.7841151;   1.0620488];
    con0(:, 41) = [  0.2960967;   1.4600096;   1.5658633;   1.2276666];
    con0(:, 42) = [  1.8675006;   0.4790793;   0.8550105;   0.4954980];
    con0(:, 43) = [  1.3366566;   1.3421606;   0.8810377;   0.5849176];
    con0(:, 44) = [  0.9069358;   2.5777144;   0.5968149;   1.1546638];
    con0(:, 45) = [  0.5321870;   0.8992341;   0.3957741;   0.8603406];
    con0(:, 46) = [  0.8192793;   1.3769101;   1.8840419;   1.4459360];
    con0(:, 47) = [  0.3062181;   0.8975781;   0.8525907;   0.8573462];
    con0(:, 48) = [  1.1296064;   0.7004227;   1.2836791;   1.0538312];
    con0(:, 49) = [  2.2172873;   1.4299890;   1.1601950;   1.1816041];
    con0(:, 50) = [  1.0953269;   0.6898083;   0.6209632;   1.0862019];
    con0(:, 51) = [  1.4580809;   0.7051924;   1.4987582;   2.6301453];
    con0(:, 52) = [  2.6294212;   3.2227157;   3.1190253;   1.7900597];
    con0(:, 53) = [  1.5261921;   0.3520718;   1.6293729;   0.4393299];
    con0(:, 54) = [  1.5191222;   1.1772544;   0.8714191;   0.5975103];
    con0(:, 55) = [  2.0621838;   0.3726871;   1.2386279;   0.7136127];
    con0(:, 56) = [  1.7515778;   0.9217312;   1.7756156;   1.4061512];
    con0(:, 57) = [  1.1018737;   0.5614464;   0.7559729;   0.3922775];
    con0(:, 58) = [  0.9450229;   0.3910990;   3.2584591;   1.0770465];
    con0(:, 59) = [  0.9382047;   1.1979214;   1.9485691;   1.6409404];
    con0(:, 60) = [  1.3690004;   0.8580065;   0.2980936;   0.5295073];
    con0(:, 61) = [  0.7189003;   0.4923606;   0.7691073;   1.6360497];
    con0(:, 62) = [  0.8568829;   1.1713765;   1.0317705;   1.6453283];
    con0(:, 63) = [  0.6947817;   1.9040056;   2.3927887;   3.3169550];
    con0(:, 64) = [  1.2422703;   2.0399654;   0.8267635;   1.2613244];
    con0(:, 65) = [  3.0437843;   1.2581587;   0.9900809;   1.3201051];
    con0(:, 66) = [  0.6678701;   1.5927335;   1.3907192;   1.4905351];
    con0(:, 67) = [  0.9843866;   0.7224583;   1.2605661;   1.5178137];
    con0(:, 68) = [  0.6642682;   1.0049048;   0.7080253;   1.3083398];
    con0(:, 69) = [  1.0075410;   1.6914164;   0.6347211;   1.0379077];
    con0(:, 70) = [  0.7566554;   0.6107101;   1.2826946;   1.0264225];
    con0(:, 71) = [  0.7662519;   1.0173569;   1.3003436;   0.3674139];
    con0(:, 72) = [  1.8423959;   1.0740837;   1.3021248;   0.7662420];
    con0(:, 73) = [  0.8766559;   1.7626648;   1.0413358;   0.5639863];
    con0(:, 74) = [  0.7689258;   1.5847006;   1.0386605;   0.9626936];
    con0(:, 75) = [  0.8568947;   0.7192504;   0.5763200;   1.0730257];
    con0(:, 76) = [  0.7519411;   1.7765135;   1.1184555;   2.4152073];
    con0(:, 77) = [  0.8260597;   1.2097614;   1.5444561;   1.2092088];
    con0(:, 78) = [  0.4877137;   1.7203631;   1.3801105;   0.8770314];
    con0(:, 79) = [  0.6024903;   1.2435821;   1.2883750;   0.7165113];
    con0(:, 80) = [  1.0715348;   2.0330739;   1.2500424;   1.1774403];
    con0(:, 81) = [  0.7633240;   0.7925513;   1.0261285;   1.4213890];
    con0(:, 82) = [  2.6516148;   1.0526131;   1.0836013;   0.5558973];
    con0(:, 83) = [  1.2226057;   0.7939034;   0.9709994;   0.9347674];
    con0(:, 84) = [  0.6765479;   1.2021611;   0.7396450;   0.4008590];
    con0(:, 85) = [  1.1735310;   3.5790342;   0.5794878;   1.2211168];
    con0(:, 86) = [  0.4989796;   1.4880447;   1.6056190;   1.6225791];
    con0(:, 87) = [  1.2264354;   1.2435140;   1.6402331;   0.3764053];
    con0(:, 88) = [  0.7586637;   1.2868798;   0.9590109;   0.8711424];
    con0(:, 89) = [  0.5667381;   1.1579078;   0.4942571;   1.1582703];
    con0(:, 90) = [  0.8696175;   0.9695126;   1.9398993;   0.2583795];
    con0(:, 91) = [  0.5635808;   1.6505479;   0.6712202;   1.3333663];
    con0(:, 92) = [  0.9074658;   0.9877410;   1.5819211;   0.6676402];
    con0(:, 93) = [  1.0515857;   1.9060031;   1.3947553;   1.9511688];
    con0(:, 94) = [  0.6341252;   0.6056058;   0.9775565;   0.6317393];
    con0(:, 95) = [  1.1530790;   0.9793244;   2.1817900;   1.8362041];
    con0(:, 96) = [  0.6562233;   0.8739630;   0.9903947;   1.9718660];
    con0(:, 97) = [  1.6243521;   1.0423807;   0.7905291;   1.4531836];
    con0(:, 98) = [  0.5279595;   0.6722233;   1.8338319;   0.4699475];
    con0(:, 99) = [  0.6543221;   1.3743978;   0.9160737;   1.0944088];
    con0(:, 100) = [  1.4196563;   0.5696161;   0.7138024;   0.3527328];
    con0(:, 101) = [  1.3781643;   0.9178953;   1.0350824;   2.5475028];
    con0(:, 102) = [  0.9002034;   0.6572380;   1.0682404;   2.2641714];
    con0(:, 103) = [  2.2059505;   2.0065165;   1.2430940;   1.5798656];
    con0(:, 104) = [  1.2896998;   0.7665617;   1.3136281;   1.9652943];
    con0(:, 105) = [  1.3847804;   1.2412932;   1.2732910;   0.3299816];
    con0(:, 106) = [  0.2168327;   0.9466091;   2.3632621;   0.6517364];
    con0(:, 107) = [  0.4487826;   1.2779196;   0.8375472;   0.8723763];
    con0(:, 108) = [  0.9194321;   1.6110027;   0.8004703;   1.0590443];
    con0(:, 109) = [  0.4158408;   1.3531586;   1.2095609;   1.4772687];
    con0(:, 110) = [  0.9239447;   0.9386678;   1.0038665;   0.4826815];
